DP algorithm step 296 result:

Sigma square: 113204

Number of clusters: 25

Genes in every cluster:
3842   7  25  96  20   5   1   1   6   1   1   2   1   1   1
   2   1   1   1   1   1   2   1   1   1
Cluster information:
   1   1   1   1   1   1   1   1   1   1   1   1   1   1   1
   1   1   1   1   1   1   1   1   1   1   1   1   1   1   1
   1   1   1   1   1   1   1   1   1   1   1   1   1   1   1
   1   1   1   1   1   1   1   1   1   1   1   1   1   1   1
   1   1   1   1   1   1   1   1   1   1   1   1   1   1   1
   1   1   1   1   1   1   1   1   1   2   1   1   1   1   1
   1   3   1   1   1   1   1   1   1   1   1   1   4   1   1
   1   1   1   1   4   1   1   1   1   1   1   1   1   1   1
   1   1   1   1   1   1   1   1   1   1   1   1   1   1   1
   1   1   1   1   1   1   1   1   1   1   1   1   1   1   1
   1   1   1   1   1   1   1   1   1   1   1   1   1   1   1
   1   1   1   1   1   1   1   1   1   1   1   1   1   1   1
   1   2   1   1   1   1   1   1   1   4   1   1   1   1   1
   1   4   1   1   1   1   1   1   1   1   1   1   1   1   1
   1   1   1   1   1   1   1   1   1   1   1   4   1   1   1
   1   1   1   1   1   1   1   1   4   1   1   1   1   5   1
   1   1   1   1   1   1   5   1   1   1   2   1   1   1   1
   1   1   1   1   1   1   1   1   1   1   4   1   1   1   1
   1   1   1   1   1   1   1   1   1   1   1   1   1   1   1
   1   1   1   1   1   1   1   1   1   4   4   1   6   1   5
   1   1   1   1   1   1   1   1   1   1   1   1   1   1   1
   1   1   1   1   1   1   1   1   1   1   1   1   4   1   1
   1   1   1   1   1   1   1   1   1   1   1   1   1   1   1
   1   1   1   1   1   1   1   1   1   1   1   1   4   1   1
   1   1   1   1   1   1   1   1   1   1   1   1   1   1   1
   1   1   1   1   1   7   1   1   1   1   1   1   1   1   1
   1   1   1   4   1   1   1   3   1   1   1   1   1   1   1
   1   1   1   1   1   1   1   1   1   1   1   1   1   1   1
   1   1   1   1   1   1   8   1   1   1   1   1   1   1   1
   1   1   1   1   1   1   1   1   1   1   1   1   1   2   1
   1   1   1   1   1   1   1   1   1   1   1   1   1   1   1
   1   1   1   1   1   1   1   1   4   1   1   1   1   1   1
   1   1   1   1   1   1   1   1   1   1   1   1   1   1   1
   1   1   1   1   1   1   1   1   1   1   1   1   1   1   1
   1   1   1   1   1   1   1   1   1   1   1   1   1   1   1
   1   1   1   1   1   4   1   1   1   1   1   1   1   1   1
   1   1   1   1   1   1   1   1   1   1   1   1   1   1   1
   1   1   1   1   1   1   1   1   1   1   1   1   1   1   1
   1   1   1   1   1   1   1   1   1   1   1   4   1   1   1
   1   1   1   1   1   3   1   1   1   1   1   1   1   1   1
   1   1   1   1   1   1   1   1   1   1   1   1   1   1   1
   1   1   1   1   4   1   1   1   1   1   1   1   1   1   1
   1   1   1   1   1   1   1   1   1   1   1   1   1   9   1
   1   1   1   1   1   1   1   1   1   1   1   1   1   1   1
   1   1   1   1   1   1   1   1   1   1   1   1   1   1   1
   1   1   1   1   1   1   1   1   1   1   1   1   1   1   1
   1   1   1   1   1   1   1   1   1   1   1  10   1   1   1
   1   1   1   1   1   1   1   1   1   1   1   1   4   1   1
   1   1   1   1   1   1   1   1   4   1   1   1   1   1   1
   1   1   1   1   1   1   1   1   1   3   5   1   1   1   9
   1   1   1   1   1   1   1   1   1   1   1   1   1   1   1
   1   1   1   1   1   1   9   3   1   1   1   1   1   1   1
   1   1   1   1   1   1   1   1   1   1   1   1   1   1   1
   1   1   1   1   1   1   1   1   1   1  11   1   1   4   1
   1   1   1   1   4   1   1   1   1   1   1   1   1   1   1
   1   1   4   1   1   1   1   1   1   1   1   1   1   1   1
   1   4   1   1   4   1   1   1   1   1   1   1   1   1   1
   1   1   1   1   1   1   1   1   1   1   1   1   1   1   1
   1   1   1   1   1   1   1   1   1   1   1   6   1   1   1
   1   1   1   1   4   1   1   1   1   1   1   1   1   1   1
   1   1   1   1   1   1   1   1   1   1   1   1   1   1   1
   1   1   1   4   1   1   1   1   1   1   1   1   1   1   1
   1   1   1   1   1  12   1   1   1   1   1   1   1   1   1
   1   4   3   9  13  14   1   1   1   1   1   1   1   1   1
   1   1   1   1   1   1   1   1   1   1   1   1   1   1   1
   1   1   1   1   1   1   1   1   1   1   1   1   1   1   1
   1   1   1   1   1   1   1   1   1   1   1   1   1   1   1
   1   1   1   3   1   1   1   1   1   1   1   1   1   1   1
   1   1   1   4   1   1   1   1   1   1   1   1   1   1   1
   1   1   1   1   1   1   1   1   1   1   1   1   5   1   1
   4   1   1   1   1   1   1   1   1   1   1   1   1   1   1
   1   1   1   1   1   1   1   1   1   1   1   4   1   1   1
   1   1   1   1   1   1   1   1   4   1   4   1   1   1   1
   1   1   1   1   1   1   1   3   1   1   1   1   1   1   1
   1   1   1   1   1   1   1   1   1   1   1   1   1   1   1
   1   1   1   1   1   1   1   3   1   1   1   1   1   1   1
   1   1   1   1   1   1   1   1   1   1   1   1   1   1   1
   1   1   1   1   1   1   1   1   1   1   1   3   1   1   1
   1   1   1   1   1   1   1   1   1   1   1   1   1   1   1
   1   1   1   1   1   1   1   1   1   1   1   1   1   1   4
   1   1   4   1   4   1   1   1   1   4   1   1   1   1   1
   1   1   1   1   1   1   1   1   1   1   1   1   1   1   1
   1   1   1   1   1   1   1   1   1   1   1   1   1   1   1
   1   1   1   1   1   1   1   1   1   1   1   1   1   1   1
   1   1   4   1   1   1   1   1   1   1   1   1   1   1   1
   1   1   1   1   1   1   1   1   1   1   1   1   1   1   1
   1   1   1   1   1   1   1   1   1   1   1   1   1   1   1
   1   1   1   1   1   1   1   1   1   1   1   1   1   1   1
   1   1   1   1   1   1   1   3   1   1   1   1   1   1   1
   4   4   1   4   1   1   1   1   1   1   1   1   1   1   1
   1   1   1   1   4   1   1   1   1   1   1   1   1   1   1
   1   4   1   1   1   1   1   1   1   1   1   1   1   1   1
   1   1   1   1   1   1   1   1   1   1   1   1   1   1   1
   1   1   1   1   1   1   1   1   1   1   1   1   1   1   1
   1   1   1   1   1   1   1   1   1   1   1   1   1   1   1
   1   1   1   1   1   1   1   1   1   1   1   1   1   1   1
   1   1   1   1   1   1   1   1   1   1   1   1   1   1   1
   1   1   1   1   2   1   1   1   1   1   1   1   1   1   1
   1   1   1   1   1   1   1   1   1   1   1   1   1   1   1
   1   1   1   1   1   1   1   1   1   1   1   1   1   1   1
   1   1   1   1   1   1   1   1   1   4   1   1   1   1   1
   1   1   1   1   1   1   1   1   1   1   1   1   1   1   1
   1   1   1   1   1   5   1   1   1   1   1   1   1   1   1
   1   1   1   1   1   1   1   1   1   1   1   1   1   1   1
   1   1   1   1   1   1   1   1   1   1   1   1   1   1   1
   1   1   1   1   4   1   5   1   1   1   1   1   1   1   1
   1   1   1   1   1   1   1   1   1   1   1   1   1   1   1
   1   1   1   1   1   1   1   1   1   1   1   1   1   1   1
   1   1   1   1   1   1   1   1   1   1   4   1   1   1   1
   1   1   1   1   1   1   1   1   1   1   1   1   1   1   1
   1   1   1   1   1   4   1   1   1   1   1   1   1   1   1
   1   1   1   1   1   1   1   1   1   1   1   1   1   1   1
   1   1   1   1   1   1   1   1   1   1   1   1   1   1   1
   1   1   1   1   1   1   1   1   1   1   1   1   1   1   1
   1   1   1   1   1   1   1   1   1  15  16  17   1   1   1
   1   1   1   1   3   1   1   1   1   1   1   1   5   1   1
   1   1   1   5   1   1   1   1   1   1   1   1   1   1   1
   1   1   1   1   1   1   1   1   1   1   1   1   1   1   1
   1   1   4   1   1   1   1   1   1   1   1   1   1   1   1
   4   1   1   1   1   1   1   1   1   1   1   1   1   1   1
   1   1   1   1   1   5   1   1   1   1   1   1   1   1   9
   1   1   1   1   1   1   1   1   1   1   1   3   1   1   1
   1   1   1   1   1   1   1   4   1   1   1   1   1   1   1
   1   1   1   1   1   1   1   1   1   1   1   1   1   1   1
   1   1   1   1   1   1   1   1   5   1   1   1   1   1   1
   1   1   1   1   1   4   1   1   1   1   1   1   1   1   1
   3   1   1   1   1   1   1   1   1   1   1   1   1   4   1
   1   1   1   1   3   1   1   1   1   1   1   1   1   1   1
   1   1   1   1   1   4   4   1   1   1   1   1   1   1   1
   1   1   1   1   1   1   1   1   1   1   1   1   1   1  16
   1   1   1   1   1   1   1   1   1   1   1   1   1   1   1
   1   1   1   1   1   1   1   1   1   1   1   1   1   1   1
   1   1   1   1   1   1   1   1   1   1   1   1   1   1   3
   1   1   1   1   1   1   1   1   1   1   1   1   1   1   1
   1   1   1   1   1   1   1   1   1   1   1   1   1   1   1
   4   1   1   1   1   1   1   3   1   1   1   1   1   1   1
   1   1   1   1   1   1   1   1   1   1   1   1   1   1   1
   1   4   1   1   1   1   1   1   1   1   1   1   1   1   1
   1   1   1   1   1   1   1   1   1   1   1   1   1   1   1
   1   1   1   1   1   1   1   1   1   1   3   1   1   1   1
   1   1   1   1   1   1   1   1   1   1   1   1   1   1   1
   1   1   1   1   1   1   1   1   1   1   1   4   1   1   1
   1   1   1   1   1   1   1   1   1   1   1   1   1   1   1
   1   1   1   1   1   1   1   1   1   1   1   1   1   1   1
   1   4   1   1   1   1   1   1   1   1   1   1   1   1   1
   1   1   1   1   1   1   1   1   1   1   1   1   1   1   1
   1   1   1   1   1   1   1   1   1   1   1   1   1   1   1
   1   1   1   1   1   1   1   1   1   1   1   1   1   4   1
   1   1   1   1   1   1   1   1   1   4   1   1   5   1   1
   1   1   1   1   1   1   1   1   1   1   1   1   1   1   1
   1   1   1   1   1   1   1   1   1   4   1   1   1   1   1
   1   1   1   1   1   1   1   1   1   1   1   1   1   1   1
   1   1   1   1   1   1   1   1   1   1   1   1   1   1   4
   1   1   1   1   1   1   1   1   1   1   1   1   1   1   1
   1   1   1   1   1   1   1   1   1   1   1   1   1   1   1
   1   1   1   1   1   1   1   1   1   1   1   1   1   1   1
   1   1   1   1   1   1   1   1   1   1   1   1   1   1   1
   1   1   1  18   1   1   1   1   1   1   1   1   1   1   1
   1   1   1   1   1   1   1   1   1   1   1   1   1   1   1
   1   1   1   1   1   1   1   1   4   1   1   1   1   1   1
   1   1   1   1   1   1   1   1   1   1   1   1   1   1   1
   1   1   1   1   1   1   1   1   1   1   1   1   5   1   1
   1   1   1   1   1   1   1   1   1   1   1   1   1   1   1
   1   1   1   1   1   1   1   1   1   1   1   1   1   1   1
   1   1   1   1   1   1   1   1   1   1   1   1   1   1   1
   4   1   1   1   4   1   1   1   4   1   1   1   1   1   1
   1   1   1   1   1   1   1   1   1   1   1   1   1   1   1
   1   1   1   1   1   1   1   1   1   1   1   1   1   1   1
   1   1   1   1   1   4   1   1   1   1   1   1   1   1   1
   1   1   1   1   1   1   1   1   1   3   4   1   1   1   1
   1   1   1   1   1   1   1   1   1   1   1   1   1   1   4
   1   1   1   1   1   1   1   1   1   1   1   1   1   1   1
   1   1   1   1   1   4   1   1   1   1   1   1   1   1   1
   1   1   1   1   1   1   1   1   1   1   1   1   1   1   1
   1   4   1   1   1   1   1   1   1   1   1   1   1   1   1
   1   1   1   1   1   1   1   1   1   1   1   1   1   1   1
   1   1   1   1   1   1   1   1   1   1   1   1   1   1   1
   4   1   1   1   1   1   1   1   1   1   1   1   1   1   1
   1   1   1   1   1   1   1   1   1   1   1   1   1   1   1
   1   1   1   1   1   1   1   1   1   1   1   1   1   1   1
   1   1   1   1   1   1   1   1   1   1   1   1   1   1   1
   1   1   1   1   1   1   1   1   1   1   1   1   1   1   1
   1   1   1   1   1   1   1   1   1   4   1   1   1   1   1
   1   1   1   1   1   1   1   1   1   1   1   1   1   1   1
   1   1   1   1   1   1   1   1   1   1   1   1   1   1   1
   1   1   1   1   1   1   1   1   1   1   1   1   1   1   1
   4   1   1   1   1   1   1   1   1   1   1   1   1   1   1
   1   1   1   1   1   1   1   1   1   1   1   1   1   1   1
   1   1   1   1   1   1   1   4   1   1   1   1   1   1   1
   1   2   1   1   1   1   1   1   1   1   1   1   1   1   1
   1   1   1   1   1   1   1   1   1   1   1   1   1   1   1
   1   1   1   1   1   1   1   1   1   4   1   1   1   4   1
   1   1   1   1   1   1   1   1   1   1   1   1   1   1   1
   1   1   1   1   1   1   1   1   1   1   1   1   1   1   1
   1   1   1   1   1   1   1   1   1   1   1   1   1   1   1
   1   1   1   1   1   1   1   1   1   1   1   1   1   1   1
   1   1   1   5   1   4   1   1   1   1   1   1   1   1   1
   1   1   1   1   1   1   1   1   1   1   1   1   1   1   1
   1   1   1   1   1   1   1   1   1   1   1   1   1   1   1
   1   1   1   1   1   1   1   1   1   1   1   1   1   1   1
   1   1   1   1   1   1   1   1   1   1   1   1   1   1   1
   1   1   1   1   1   1   1   1   1   1   1   1   1   1   1
   1   1   1   1   1   1   1   1   1   1   1   1   1   1   1
   1   1   1   1   1   1   1   1   1   4   4   1   1   1   1
   1   1   2   1   1   1   1   1   4   1   1   1   1   1   1
   4   1   1   1   1   1   1   1   1   1   1   1   1   1   1
   1   1   1   1   1   1   1   1   1   1   1   1   1   1   1
   1   1   1   1   1   1   1   1   1   1   1   1   1   1   1
   1   1   1   1   1   1   1   1   1   1   1   1   1   1   1
   1   1   1   1   1   1   1   1   1   1   1   1   1   1   1
   1   1   1   1   1   3   1   1   1   4   1   1   1   1   1
   1   1   1   1   1   1   1   1   1   1   1   1   1   1   1
   1   1   1   1   1   1   1   1   1   1   1   1   1   1   1
   5   1   1   1   1   1   1   1   1   1   1   1   1   1   1
   1   1   1   1   1   1   1   1   1   1   1   1   1   1  12
   1   1   1   1   1   1   1   1   1   1   1   1   1   1   1
   1   1   1   1   1   4   1   1   1   1   1   1   1   1   1
   1   1   1   1   1   1   1  19   1   1   1   1   1   1   1
   1   1   1   1   1   1   1   1   1   1   1   1   1   1   1
   1   1   4   1   1   1   1   1   1   1   1   1   1   1   1
   1   1   1   4   1   1   1   1   1   1   1   1   1   1   1
   1   1   5   1   1   1   1   1   1   1   1   1   1   1   1
   1   1   1   1   1   1   1   1   1   1   1   1   1   1   1
   1   1   1   1   1   1   1   1   1   1   1   1   1   1   1
   1   1   1   1   1   1   3   1   1   1   1   1   1   1   1
   1   1   1   1   1   1   1   1   1   1   1   1   1   1   1
   1   1   1   1   1   1   1   1   1   1   1   1   1   1   1
   1   1   1   1   1   1   1   1   1   1   1   1   1   1   1
   1   1   1   4   1  20   1   1   1   1   1   1   1   1   1
   1   1   1   1   1   1   1   1   1   1   1   1   1   1   4
   1   1   1   1   1   1   1   1   1   1   1   1   1   1   1
   3   1   1   1   1   1   1   1   1   1   4   1   1   5   1
   1   1   1   1   1   1   1   1   1   1   1   1   1   1   1
   1   1   1   1   1   1   1   1   1   1   1   1   1   1   1
   1   1   1   1   1   1   1   1   1   1   1   1   1   1   1
   1   1   1   1   1   1   1   1   1   1   1   1   1   1   1
   1   1   1   1   1   1   1   1   1   1   1   1   1   1   1
   1   1   1   1   1   1   1   1   1   1   1   1   1   1   1
   1   1   1   1   1   1   1   1   1   1   1   1   1   1   1
   1   1   1   1   1   1   1   1   1   1   1   1   1   1   1
   1   1   1   1   1   1   1   1   1   1   1   1   1   1   1
   1   1   1   1   1   1   1   1   1   1   1   1   1   1   1
   1   1   1   1   1   1   1   1   4   1   1   1   1   1   1
   1   1   1   1   1   1   1   1   1   1   1   1   1   1   1
   1   1   1   1   1   1   4   4   1   1   1   1   1   1   1
   1   1   1   1   1   1   1   1   1   1   1   1   1   1   1
   1   1   1   1   1   1   1   1   1   1   1   1   4   1   1
   1   1   1   1   1   3   1   1   1   1   1   1   1   1   1
   1   1   1   1   1   1   1   1   1   1   1   1   1   1   1
   1   6   1   1   1   1   1   1   1   1   1   1   1   1   1
   1   1   1   1   1   1   1   1   1   1   1   1   1   4   1
   1   1   1   1   1   1   1   1   1   1   1   1   1   1   1
   1   1   1   1   1   1   1   1   1   1   1   1   1   1   1
   1   1   1   1   1   1   1   1   1   1   1   1   1   1   1
   1   1   1   1   1   1   1   1   1   1   1   1   1   1   1
   1   1   1   1   1   1   1   1   1   1   1   1   4   5   1
   1   1   1   1   1   1   1   1   1   1   1   1   1   1   1
   1   3   1   1   1   1   1   1   1   1   1   1   1   1   1
   1   1   1   4   1   1   1   1   1   1   1   1   1   1   1
   1   1   1   1   1   1   1   1   1   1   1   1   1   1   1
   1   1   1   1   1   1   1   5  21   9  22  23  24   1   6
  22   1   1  25   1   1   6   1   1   1   1   1   1   1   5
   1   1   1   1   1   1   1   1   1   1   1   1   1   1   1
   1   1   1   1   1   1   1   1   1   1   1   3   1   1   1
   1   1   4   1   1   1   1   1   1   1   1   1   1   1   1
   1   1   1   1   1   1   1   1   1   1   1   1   1   1   1
   1   1   1   1   1   1   1   1   1   1   1   4   1   1   1
   1   1   1   1   1   1   1   1   1   1   1   1   1   1   1
   1   1

Number of Clusters so far:
1337 900 654 516 433 371 343 310 286 256 242 230 218 202 205
 192 185 172 158 152 143 140 128 123 123 121 115 112 110 109
 105 100  94  95  87  88  85  84  81  78  76  74  73  75  70
  67  66  65  62  59  59  60  60  61  58  54  59  56  55  50
  49  47  49  47  44  37  35  38  39  39  37  39  38  35  37
  39  32  36  35  35  34  34  32  29  31  33  28  30  29  31
  31  30  26  27  25  27  29  27  28  28  28  29  28  30  30
  30  31  30  28  28  26  24  27  28  30  27  24  23  26  26
  28  27  30  29  33  37  32  33  30  29  33  32  33  33  31
  31  30  30  28  29  33  29  29  27  26  27  30  30  29  26
  26  31  34  34  36  33  28  31  29  27  27  24  26  29  23
  29  27  28  30  28  28  30  31  31  31  31  30  33  31  28
  27  29  30  26  29  28  31  31  34  29  26  24  25  26  27
  25  24  25  27  30  28  24  28  26  26  23  26  26  28  29
  28  26  30  34  29  28  32  32  29  30  30  30  31  29  29
  30  29  24  30  28  30  26  26  26  24  28  28  30  27  30
  27  28  29  26  27  27  31  32  27  26  25  24  29  27  28
  31  27  29  28  28  29  27  28  29  30  25  27  27  29  28
  25  27  26  26  21  25  25  29  28  28  30  29  30  31  29
  31  31  27  25  27  29  31  28  25  28  25
