440157
100506616
100505493
100499441
117153
100506499
100506290
100506517
79686
100288144
28472
28451
28396
646057
339010
100506965
100507514
100289637
642397
100506959
646670
100506846
727751
100133144
727849
100131297
100506727
100506754
145757
100272148
100287598
84127
100506151
100506442
100506587
388237
100506928
100289290
401847
100507577
100302738
100505926
729513
100507666
654780
100129637
100506202
100506359
100288728
100507087
100506461
400590
6349
388372
100505522
100507628
100505859
201175
401884
100506500
100131091
645460
100506961
100507304
100507494
100289105
100505970
100506001
100505608
403340
100287188
644767
100505523
85019
100507649
100506109
100506781
100507551
100505842
100505639
11026
100506584
100287457
3813
57292
3810
3806
100132285
100506203
100505603
100505793
391343
100505911
100130502
440862
100507148
100507238
90784
100505546
729468
