100506327
100506482
100128003
100133445
100505935
100506116
653606
391001
100507192
729587
100506168
100507198
100507268
100506711
149469
100505857
100132733
728939
100505752
100505770
728912
100505885
728936
642441
100505765
100505785
100287049
100505665
100505773
100505860
100506087
100506230
100506438
100507405
100506969
574431
100288102
100506460
100130093
284702
100130097
100507213
283070
100507281
414308
100289299
100169750
221016
642424
653129
728053
728127
244
728449
55747
653110
653252
100133190
100127889
26148
100128300
100505670
100506209
255352
100288692
692247
100506518
387267
100289201
645490
100506627
100506702
100505897
100507338
100506773
100505504
100506020
100287837
100506644
643923
100128095
646543
100507301
100507424
100506112
100506529
100506072
144438
283401
100506719
374467
100506570
100288312
100507040
26636
100507293
100507612
100288208
100505494
