100507460
100506904
151162
642340
100505695
100506147
100505748
100505800
100505597
100505579
100505632
400841
100506597
284804
554250
100240726
100128310
400850
149650
85318
574
100505852
54094
400863
400870
100129890
246704
100506204
100506261
100506309
100287541
100506454
100506954
100132705
100507089
100286925
391322
2952
653399
100131530
100506375
100506544
100506588
100506900
100507618
100505673
729756
100506738
151877
100506815
100506377
100506506
100506575
100506638
100506673
100507647
100505749
100505888
100505902
100128262
100322895
100507659
100506547
100507233
100506483
645455
729218
100128460
100507306
100505470
554045
727764
100506739
100506287
79614
642781
100506646
100170939
645079
728093
100506008
100505798
100128059
100128482
100506265
644378
100506431
85411
100506556
83954
100507255
352990
100507399
23500
442210
57497
221443
54209
100505819
100506118
100506156
100507367
387097
100506947
285754
100506339
100506515
100507090
100507429
100507593
26271
100505539
100505705
100128374
401317
100506602
100506447
100132217
100505599
100505707
100505717
80761
100505895
84849
401388
100506136
100506550
100506768
646329
28590
28598
154754
100286906
389831
100507289
100507264
100507493
100505553
100506448
100506793
100506861
100507249
100507344
100507349
100130027
286102
100289549
100505905
100506760
642265
653114
100506607
548321
100287333
100506146
100507355
100506897
138652
286367
100507604
100129633
100128077
100289200
643210
100506062
653348
100507453
643750
389834
100233156
100506611
100288966
100289026
100506812
283788
100507395
100507412
100008588
100008587
100008589
100507485
100505654
100287429
100505874
100506283
100506976
100289134
100507051
100505714
100506356
441528
729162
100506610
170063
645090
100506703
643832
26749
729408
26748
2574
645037
653048
100128574
100506572
100506992
100506814
441520
100133171
728461
100287466
649238
100507676
100132932
100289265
55410
84663
100288465
100506511